50 218

3 0 -3 36 7
3 0 -3 -42 -48
3 0 -49 -47 -41
3 0 8 -40 17
3 0 -21 -31 -39
3 0 36 -22 49
3 0 27 38 14
3 0 15 -18 6
3 0 6 7 -43
3 0 34 -7 23
3 0 2 14 -13
3 0 2 47 -42
3 0 -33 -35 3
3 0 44 40 49
3 0 50 36 31
3 0 -36 -3 -37
3 0 26 -29 43
3 0 15 29 -45
3 0 24 -11 18
3 0 -47 -26 6
3 0 -50 -33 -10
3 0 32 6 16
3 0 -34 37 41
3 0 7 -28 -17
3 0 -44 46 19
3 0 7 22 -48
3 0 3 39 34
3 0 31 46 -43
3 0 -27 32 23
3 0 37 -50 -18
3 0 20 5 11
3 0 -45 -24 6
3 0 -34 -23 -14
3 0 -22 21 20
3 0 -17 50 24
3 0 -25 -24 -27
3 0 3 35 21
3 0 -26 47 -36
3 0 -28 -45 49
3 0 -21 -6 12
3 0 -17 -15 -39
3 0 41 2 -14
3 0 25 36 -23
3 0 -39 -3 -40
3 0 50 20 35
3 0 27 31 -39
3 0 45 -15 -40
3 0 34 50 35
3 0 -1 -48 12
3 0 18 -35 -30
3 0 27 -24 -25
3 0 -4 -33 -12
3 0 -43 -24 -37
3 0 -37 31 -44
3 0 -9 -38 14
3 0 33 -16 34
3 0 4 -35 -5
3 0 -3 -21 -19
3 0 -35 -36 -29
3 0 7 -43 36
3 0 30 14 41
3 0 -35 -24 -7
3 0 35 -42 6
3 0 -1 -15 39
3 0 27 49 -16
3 0 -37 49 -10
3 0 50 -46 -3
3 0 -41 20 34
3 0 -1 23 28
3 0 -12 -30 -20
3 0 -24 29 -37
3 0 12 5 -44
3 0 -6 -2 48
3 0 -2 -49 -43
3 0 1 -50 24
3 0 -7 -50 -44
3 0 -41 43 4
3 0 13 15 -11
3 0 -3 -11 23
3 0 33 48 41
3 0 9 23 -49
3 0 -43 47 1
3 0 -40 16 -29
3 0 30 19 3
3 0 19 -34 48
3 0 -16 -44 14
3 0 38 -45 -12
3 0 -4 -14 -31
3 0 -48 35 -1
3 0 45 -13 19
3 0 9 42 -7
3 0 -1 -15 8
3 0 -13 -44 -14
3 0 -43 -37 -31
3 0 -27 -29 47
3 0 7 4 17
3 0 7 10 35
3 0 -25 20 17
3 0 35 -5 -42
3 0 -50 24 -5
3 0 -21 -26 2
3 0 -8 45 -21
3 0 -16 33 49
3 0 -38 6 16
3 0 5 21 37
3 0 8 38 31
3 0 -21 33 14
3 0 20 40 -5
3 0 -29 -9 31
3 0 -7 42 -22
3 0 -48 8 26
3 0 48 -38 33
3 0 -34 49 46
3 0 -14 -46 25
3 0 -46 4 18
3 0 36 -12 -31
3 0 12 -18 14
3 0 -7 46 -16
3 0 9 -8 7
3 0 49 -42 -22
3 0 22 -15 38
3 0 34 -41 47
3 0 22 -26 32
3 0 -25 -45 -21
3 0 -26 32 -11
3 0 15 26 -25
3 0 -1 46 25
3 0 -14 -31 30
3 0 -9 -22 12
3 0 -18 26 -35
3 0 -16 -32 -21
3 0 31 -49 -21
3 0 11 9 41
3 0 -13 -30 19
3 0 -10 4 6
3 0 -4 3 -22
3 0 -25 -50 -18
3 0 -40 4 9
3 0 37 20 46
3 0 -27 22 -29
3 0 34 14 3
3 0 3 -31 20
3 0 -50 2 -26
3 0 17 -29 38
3 0 -49 12 -41
3 0 15 -35 -43
3 0 -22 -23 -49
3 0 -9 33 48
3 0 26 29 35
3 0 27 -50 37
3 0 -7 46 -43
3 0 -46 -37 -8
3 0 -40 36 -24
3 0 -44 46 15
3 0 -3 36 -16
3 0 -48 9 43
3 0 -25 -4 44
3 0 -22 37 -7
3 0 -31 -17 -22
3 0 -11 -48 17
3 0 23 34 -28
3 0 23 -48 -39
3 0 -37 -1 -23
3 0 -19 27 14
3 0 -22 33 -6
3 0 -6 -32 -26
3 0 18 -20 -46
3 0 43 22 27
3 0 -13 34 49
3 0 -35 -46 3
3 0 32 39 -43
3 0 6 -39 -9
3 0 27 39 -16
3 0 25 -17 -15
3 0 -43 27 34
3 0 -6 49 5
3 0 -38 11 14
3 0 40 -38 47
3 0 37 -14 17
3 0 39 29 36
3 0 -39 -28 1
3 0 -18 14 -16
3 0 -40 50 15
3 0 37 -42 18
3 0 -13 31 33
3 0 2 -42 33
3 0 8 -3 -22
3 0 1 23 -31
3 0 -20 -45 26
3 0 42 11 49
3 0 29 11 -43
3 0 -20 -21 30
3 0 23 45 -35
3 0 38 -30 -14
3 0 -9 48 -29
3 0 11 -18 -23
3 0 -41 -1 -29
3 0 5 41 26
3 0 44 -30 -7
3 0 38 -6 -41
3 0 46 48 -15
3 0 -18 -10 -47
3 0 38 46 -32
3 0 -32 46 12
3 0 31 40 14
3 0 -18 2 49
3 0 28 -38 27
3 0 -16 -21 14
3 0 -29 15 12
3 0 49 34 5
3 0 14 22 -12
3 0 30 33 20
3 0 -24 22 25
3 0 4 -48 -23
3 0 -30 -36 9
3 0 44 12 -35
3 0 38 3 -21
3 0 -11 33 49